bing: 45.488498, 25.567208
google: 45.494208, 25.571544